55,2
67,35
53,2
53,5
0,273
0,270
10,70
10,122
10,256
10,170
10,104
10,284
10,74
10,308
10,2
10,3
9,7
9,6
9,4
64,3
64,2
64,1
64,0
8,9
8,7
8,10
55,3
55,1
8,15
8,6
53,3
53,1
52,4
52,3
52,1
50,3
50,1
47,3
47,1
45,3
45,1
43,3
43,1
41,4
41,3
41,1
36,3
36,1
33,3
33,1
12,3
12,2
20,2
20,1
12,1
11,29
11,28
11,27
11,26
11,25
11,24
11,23
11,22
11,21
11,20
11,19
11,18
11,17
11,16
20,3
11,15
11,14
11,13
11,12
11,11
11,10
11,9
11,8
11,7
11,6
11,5
11,4
11,3
11,2
19,2
11,1
19,1
11,0
19,3
10,307
10,299
10,298
10,296
10,295
10,287
10,286
10,276
10,263
10,255
10,244
10,236
10,219
10,208
10,205
10,196
10,192
10,181
10,174
10,165
