41,4
52,4
0,278
54,2
54,0
64,3
64,2
0,9
64,1
64,0
3,2
3,1
3,3
10,165
10,205
10,299
10,255
9,5
9,2
9,3
8,5
8,11
8,13
8,17
8,2
8,3
55,3
55,1
54,3
54,1
53,3
53,1
52,3
52,1
50,3
50,1
47,3
47,1
45,3
45,1
43,3
43,1
41,3
41,1
36,3
36,1
33,3
33,1
20,3
20,2
20,1
19,3
19,2
19,1
12,3
12,2
12,1
11,29
11,28
11,27
11,26
11,25
11,24
11,23
11,22
11,21
11,20
11,19
11,18
11,17
11,16
11,15
11,14
11,13
11,12
11,11
11,10
11,9
11,8
11,7
11,6
11,5
11,4
11,3
11,2
11,1
11,0
10,307
10,298
10,296
10,295
10,287
10,286
10,276
10,263
10,244
10,236
10,219
10,208
10,196
10,192
10,181
10,174
10,164
18,1
18,3
10,157
10,153
10,128
